x,y,z,qx,qy,qz,qw
0.16733248602316636,-0.46040664332791187,0.33311809652960883,-0.9202491046652711,0.3889938897617957,0.028878107452467987,0.03148640977816328
0.16709727349378026,-0.46031839346982306,0.347729764701877,-0.9202475733025188,0.38897530422143445,0.029272789195474342,0.03139618367548595
0.16695712724121894,-0.4602020077710855,0.36232514223260326,-0.9203638700761116,0.38867763965424307,0.02967987636155773,0.031291277226911295
0.16689928658919143,-0.46004317741399275,0.3768910298516378,-0.9205252473163932,0.38826944853730105,0.030166498208997014,0.031146216005158135
0.16676075748343724,-0.4599691291670743,0.3914758955143303,-0.9206415762018102,0.3879737397098425,0.030622439112928824,0.03094724037746961
0.1667224081737007,-0.4598389299161516,0.4060006945548471,-0.9207944056709979,0.3875825220829189,0.031169397312478843,0.03075580810211826
0.166555963594802,-0.45976849168310646,0.4205088015013827,-0.9208857870148887,0.38733534693556376,0.03163725966959638,0.030655832868706278
0.16650690900148274,-0.4596877901670759,0.43508199919443286,-0.921008993508734,0.38701866172471594,0.03211021817199907,0.030461832541480622
0.1665927584047849,-0.4595800237133596,0.44968462287524524,-0.9211486643439905,0.3866678662580751,0.032572813878323226,0.030201178400153614
0.18136321245906756,-0.4594766037565426,0.44926634114508807,-0.921205029599743,0.38648009070800593,0.03322164008588765,0.030178726886198125
0.19612186945669818,-0.45937809670809365,0.4488153730992669,-0.9212787789380763,0.3862505263727148,0.033891256624663024,0.030121837254208788
0.21082777914901613,-0.4593221270196059,0.4483959379529868,-0.9213523505419954,0.3860243199350859,0.03451663650737299,0.03006114391722893
0.2255079632354167,-0.45930003075119463,0.44801922115380083,-0.9214076177986928,0.3858437995623172,0.03511877204534785,0.029987264828241374
0.24024304682817088,-0.4592310388148484,0.4476187904691703,-0.921482941593196,0.38561245062324057,0.03574321305136531,0.029910683674132747
0.2548977519054965,-0.4591755959289166,0.4471662932212181,-0.9214962154977603,0.3855203928428135,0.03640022915746241,0.02989606734860185
0.2695863975325697,-0.4591351907783231,0.44676224668898,-0.9214952606013785,0.38546756138891886,0.0370123454028675,0.02985515188130913
0.2843002756305566,-0.4591158557621672,0.4463655330025236,-0.9215202886099717,0.3853560606325713,0.037596569331860646,0.029791981948420868
0.29895794955810695,-0.45918161771031485,0.44595748073252656,-0.921587014181988,0.38515926922627236,0.038070451897862186,0.029670748431826315
0.31374638948716116,-0.4591253552893776,0.4455389732256821,-0.9214963507360049,0.38531220346615913,0.03825424962774598,0.030258780968457598
0.3133987545207866,-0.44421751201640486,0.44515010267333316,-0.9214717038773435,0.3853191570224334,0.038782112517227234,0.030248866649971912
0.3133975891698985,-0.429009213514806,0.4447891252687731,-0.9214662184005685,0.38525282656652293,0.0391983309355969,0.030720657885593083
0.31321651346619284,-0.41396164855094963,0.4443828757270641,-0.9213775646773349,0.3853965952399998,0.03944451894353244,0.031256641086216196
0.3131467636591916,-0.39887199917529764,0.4440152998200185,-0.9213288264879568,0.38545300788844106,0.03970851388587484,0.03166079779558733
0.31289458408510257,-0.38393439069504914,0.4435674989105822,-0.9211910303007789,0.38571324860659634,0.04002444376778596,0.03210014709958132
0.3129583115155966,-0.3687221209446694,0.4431756315901947,-0.9212068032622399,0.38560692043150474,0.04033291491879511,0.03253589575913125
0.31294943351844023,-0.3536461948584275,0.44281562248199857,-0.9211517317613137,0.38567241218357723,0.040633623495274745,0.0329421643988084
0.3129148031942336,-0.3385256539733915,0.4424313318292993,-0.9211128762918911,0.38569112441965303,0.04093874782472907,0.03342820066540099
0.31292799380117825,-0.3233988513005087,0.4420381430428396,-0.9210632595195324,0.38572967153991544,0.04126760990531799,0.033942257285957414
0.3128554483110472,-0.308402125760652,0.4416685589745878,-0.9209556522664452,0.38591158040822104,0.04157537516822479,0.0344155029737604
0.3128595643088749,-0.2933396778800438,0.44133686642398995,-0.9208855600801382,0.38600133009174364,0.04185403766333796,0.034942780864876594
0.3128963734517198,-0.27814379878144757,0.4409545870131776,-0.9208612628117245,0.3859723823142793,0.04224192951633604,0.0354326704352427
0.3128448902282483,-0.26311237126469894,0.4405178514243623,-0.9208771554533143,0.38588474039184023,0.04264836243839423,0.035487305874885855
0.3128641817744356,-0.24803674535213469,0.44012332556088163,-0.920966450770142,0.3856521057879486,0.04301626456450125,0.03525408969304614
0.31281212025905664,-0.23307299508027565,0.4397355450359125,-0.9210234271555834,0.3855068991013114,0.04333869047425202,0.0349576212556299
0.31277872999031714,-0.21807308120850105,0.43933972076953476,-0.9211039012311973,0.3853064757785495,0.0436574767258364,0.034648918968931915
0.3127038343552434,-0.2031173042492906,0.43892708235953576,-0.9211687705458872,0.38514878358803983,0.043963051765448284,0.03428936790173263
0.3126078753895969,-0.18827136803103964,0.43850766271249225,-0.9211797695577402,0.3851146227045274,0.044265554162365515,0.03398706005815714
0.31255809204841184,-0.17343535654820946,0.43818944517329034,-0.9212033008499952,0.3850680424630073,0.0444423343260748,0.03364461467203995
0.31246701864294973,-0.15853402550478063,0.4377971654007504,-0.921240311775344,0.38498157829863844,0.044725719320631775,0.03324277909573935
0.31237926531023236,-0.14364584244320205,0.4374484974959768,-0.9212903676489248,0.38486268640122695,0.04502194789495268,0.03282979288822736
0.3122604412109339,-0.1287676480070413,0.43706275631416014,-0.9213233203917344,0.38477643436357456,0.045406492005280685,0.03238341156484015
0.3121417373402315,-0.11387918600960686,0.43661237322986857,-0.9213729928634198,0.384648123637536,0.0458801769876842,0.03182197925343714
0.31202944854283715,-0.09896303378762927,0.43616253327761734,-0.9214295904725094,0.3845014664962657,0.04636838024769036,0.031242685177338282
0.3119110004109932,-0.0840474445247218,0.4357720603598512,-0.9215121872757953,0.38430660434028197,0.04674216380241738,0.030641355806976647
0.31178229035075744,-0.06918490913864393,0.4353194010476607,-0.9215482630348136,0.38420815337673647,0.04720461727518027,0.030076866263955598
0.31166995672031544,-0.05428318555668594,0.43488028384388744,-0.9216164969030399,0.38404660920579337,0.047597886847471925,0.029422368384561543
0.3115932128848235,-0.03950741253021236,0.43453532530813765,-0.921626730934098,0.3840307725806666,0.047876392123450025,0.02885109384522251
0.3114657930556502,-0.02464188056838369,0.43411663489686475,-0.9216894336600765,0.3838866611012152,0.048197112074289866,0.028225125254399474
0.3113504556252923,-0.009833860908736372,0.43375785381824544,-0.9217347061111457,0.3837863997232556,0.048431665392229976,0.027703875631333065
0.31123989041703565,0.005010081672200819,0.43344477624956657,-0.9217983699847458,0.38365704537850304,0.048586010090963416,0.027100484282455362
0.31113643112791123,0.019851791267929783,0.4330368412081109,-0.9218647462595321,0.38351563301306923,0.048830429082407215,0.026395795764880794
0.31098456969782723,0.034661716766212936,0.43255385773052835,-0.9219245292788667,0.38338140144006955,0.049122564349744664,0.025706750387658066
0.310831529333156,0.04946412973137643,0.4320901664692758,-0.9219841375348604,0.38325235401933266,0.049362879772970394,0.025023776159063343
0.3107221401795275,0.0641915769275016,0.43162384100890183,-0.9219938905076376,0.3832362963981591,0.04961956412392291,0.02439479136546713
0.31057208536827396,0.07899589583800205,0.43109822002823245,-0.922052429568784,0.38311240761199283,0.04986692803464081,0.023611220816231272
0.31047258520701604,0.0937574362252893,0.4306469541675945,-0.9221092668712529,0.3829947359580317,0.05004989284644912,0.022902847086271
0.3103296485346834,0.10856739871254126,0.4300765458634049,-0.9221676780980704,0.3828679510357032,0.05029921062678635,0.022110969025758324
0.3101964211086509,0.12331124706283224,0.42955495379852815,-0.9222004645296059,0.38280123849399267,0.050524367170699885,0.021372958401791667
0.3101211974652475,0.13805750877359457,0.4290423371488932,-0.9222546903083345,0.3826902685286958,0.05070111960463143,0.02058740023775359
0.31003369897807187,0.15280168816340572,0.428500879050159,-0.9223147107202643,0.38257112490533907,0.05084784495255677,0.01973335859247712
0.30997388157397704,0.16744000905417022,0.42798224758165526,-0.9223407826799632,0.38253543755444736,0.05094684931047496,0.018935104057701223
0.3098620305202349,0.18221482680374293,0.42744720646812356,-0.9224299140159911,0.3823508221440537,0.05102889514017291,0.018081880294671778
0.30980716074609704,0.19694719817184356,0.42690024068736143,-0.9224865019112952,0.3822400702152361,0.051130598481336546,0.0172291732899082
0.3097717781662463,0.21160597478647614,0.42638517054794833,-0.9225466494085477,0.38213290621758467,0.05112572230348136,0.016379321405728054
0.30976274721473684,0.22630130590704947,0.4259167511529918,-0.922600469729815,0.3820363812967721,0.051119240617912835,0.015601277468210084
0.30976493623748186,0.24097760157802675,0.42535544370871947,-0.9226582944213827,0.38192943457563955,0.05114538571434011,0.014687690774547261
0.30972240517784294,0.25570087866318114,0.42473742273922716,-0.9227330489037604,0.3817791874841278,0.05117993800351335,0.013747232837419316
0.3096325721407986,0.27044677430105973,0.4240968335879278,-0.9228478971781598,0.3815374832648738,0.0511745672221538,0.012730719044099293
0.30970656598476487,0.284992064990305,0.4236960071717013,-0.9228624697201636,0.381539918041404,0.05106671928775131,0.012014287500503255
0.30979108315308024,0.29960328612853904,0.42331743481678863,-0.922888939031794,0.38151589376101486,0.05092161814802707,0.011340979926355995
0.3098538694332079,0.314331250051809,0.4226261813980272,-0.9229319954731976,0.38143445455275315,0.05095918185149464,0.010365828328292739
0.30995776088395477,0.3289006333917528,0.4221843653093491,-0.922930397765043,0.3814688413840087,0.05087208550731124,0.00964545750797263
0.3099964871028754,0.3435822952970565,0.421635460095931,-0.922994781315912,0.3813453612034158,0.05078572159478618,0.008784055687726482
0.3101019611981736,0.35817081401564355,0.4213047623422724,-0.9228832044777893,0.3815966125682917,0.05100170303804063,0.008333214051706924
0.31025259416647577,0.37284239756321974,0.42096103068881074,-0.9227521450885661,0.38187971521080805,0.05132304521613063,0.007893470384119625
0.31032471766045067,0.3875493221397275,0.4203582749736597,-0.9226155229262543,0.3821643917288668,0.05174267322503796,0.007326002835551918
0.31042463935428055,0.4022797057463124,0.4198533903082556,-0.9224820104314162,0.38243976896631904,0.052145014663919985,0.006903693873610693
0.310514776101799,0.4170370557013566,0.41902709239510993,-0.922342208321066,0.3827176302170961,0.05266240419812422,0.006223942038840269
0.3107322564667911,0.43172360625424977,0.4185940684604119,-0.9221473514080553,0.38313801346805965,0.0530475690799749,0.005956537716061797
0.3109489328510054,0.44638998561210497,0.41783478762663845,-0.9219362525285912,0.3835834637724739,0.053556122730833634,0.005386493468734266
0.3112127302098505,0.46112689092646203,0.41740843189009447,-0.9217398107493212,0.38400462030933474,0.053943684804879044,0.005123644265660512
0.31143605662053725,0.4758051193439098,0.4165827832939562,-0.9215234574837499,0.38445640907817086,0.0544762356410038,0.004486265295268393
0.31177737217509865,0.49048260842589375,0.4160130349192409,-0.9213072063105042,0.38492245302899614,0.054872671614021526,0.004089824496711569
0.31205680470518726,0.5051645292132773,0.4152244771528391,-0.921101271391744,0.38535397714594105,0.0553417116403624,0.0034720442153377733
0.31227254527038706,0.5198705298163669,0.41429363353273696,-0.9209361756270438,0.38568959301609035,0.055791947312642226,0.002712356094010071
0.31256840667991026,0.5345962762153169,0.4136948217031534,-0.9207470382072405,0.38608747058736276,0.05617994754672981,0.0022738033542195656
0.3128857927911736,0.5492703036676074,0.41266861878727434,-0.9205496380612447,0.3864931081592954,0.05665157459956906,0.001428392826926629
0.3132232460008138,0.5640085945122362,0.41205551059572365,-0.9203631339835552,0.386883836041247,0.05702304627415973,0.0009854986519278852
0.3135096158068301,0.578721197029729,0.41105383263636863,-0.9201842848165216,0.38725028949175505,0.05742879905429617,0.00016823923364087999
0.3138580796629915,0.5934647394774395,0.41024883049592925,0.9199894021853613,-0.3876551127197,-0.05781714532770354,0.00043721282412903837
0.31416733335673724,0.6082189397644201,0.4093693491476009,0.919820657448707,-0.3879952636064484,-0.0582101183570791,0.0011025744626658373
0.3144439969913924,0.6230304345441116,0.40855018741831584,0.919675468064493,-0.38827068533674836,-0.0586516843347515,0.001699492037056259
0.31455995440580514,0.6378736513855537,0.4073057076165055,0.919571438017384,-0.3884436207662734,-0.059099684326193634,0.0026741692490000056
0.31480797231784635,0.652718662378842,0.4063526534133308,0.9194333803170945,-0.38869593300948285,-0.059551353100587415,0.003371522572630111
0.31498130389781315,0.6676191571832654,0.40539818653067744,0.9193203424555398,-0.38887808608102176,-0.06006157254245804,0.004068122062776082
0.3149087392298127,0.6675581841143311,0.38936488730290164,0.9192339999341873,-0.38901432241984063,-0.060426641601637854,0.005033021157719226
0.3148913487511743,0.6674461877462194,0.37348736937671034,0.9191039975805214,-0.3892372973315381,-0.060890365023620364,0.005876346214693546
0.3148762536122319,0.6673268544215408,0.3577086189287028,0.9189489420075285,-0.38951041308381346,-0.061402982816286436,0.006644831358566254
0.31481743300284304,0.6671781045865935,0.3418244263820342,0.9187831998563215,-0.3898021882820601,-0.061931981504320346,0.007491017236972281
0.3148115804674172,0.6670579608319342,0.32615242861122185,0.9186082399667114,-0.39011888494128455,-0.06244950942202536,0.008137312233040112
0.31486557271210025,0.6668791952066137,0.3104040672836628,0.9184114880678359,-0.3904841971807966,-0.06296734835388812,0.008805871812159015
0.3148978011542499,0.6667073105076906,0.29466328523537366,0.9182060656775454,-0.3908607021590859,-0.06352260875149021,0.009508450876701645
0.3149634112113029,0.666474885524808,0.2789692316015882,0.9179895510012671,-0.39127060466892116,-0.06401752354499643,0.010210526611034094
0.315008398527306,0.6661844731490896,0.26304525060879497,0.9177570400575271,-0.3917120826919292,-0.06450793238532221,0.011062836768587712
0.31510763675000286,0.6659466765860875,0.24743328725338737,0.9175297014998238,-0.39215342943961,-0.06495050997313472,0.011677581026336528
0.3152836403698475,0.6656750763131294,0.23180810331807095,0.9172754838913949,-0.39265973431033,-0.06536650311825776,0.012297966223694943
0.31545325446516304,0.6653456076124774,0.21605073442024397,0.9170170842603457,-0.3931722364577484,-0.06576946539658306,0.013024479832765695
0.31541345978738083,0.6652983424378944,0.2158333856428365,0.9170271756578141,-0.3931436094678306,-0.06576695109424037,0.013189752970622902
0.3154167468814932,0.6652985231466667,0.2158321441924028,0.9170286981381433,-0.39314099750329545,-0.0657617970172086,0.013187453364590793
